  0.9000000E+04  0.1700000E+02
  0.9001000E+04  0.1500000E+02
  0.9002000E+04  0.1400000E+02
  0.9003000E+04  0.9000000E+01
  0.9004000E+04  0.1400000E+02
  0.9005000E+04  0.1700000E+02
  0.9006000E+04  0.1500000E+02
  0.9007000E+04  0.1100000E+02
  0.9008000E+04  0.1000000E+02
  0.9009000E+04  0.1600000E+02
  0.9010000E+04  0.1600000E+02
  0.9011000E+04  0.1400000E+02
  0.9012000E+04  0.1100000E+02
  0.9013000E+04  0.1400000E+02
  0.9014000E+04  0.1000000E+02
  0.9015000E+04  0.7000000E+01
  0.9016000E+04  0.8000000E+01
  0.9017000E+04  0.1300000E+02
  0.9018000E+04  0.1200000E+02
  0.9019000E+04  0.1400000E+02
  0.9020000E+04  0.1400000E+02
  0.9021000E+04  0.1400000E+02
  0.9022000E+04  0.1500000E+02
  0.9023000E+04  0.1800000E+02
  0.9024000E+04  0.1400000E+02
  0.9025000E+04  0.1300000E+02
  0.9026000E+04  0.1500000E+02
  0.9027000E+04  0.1300000E+02
  0.9028000E+04  0.1100000E+02
  0.9029000E+04  0.1300000E+02
  0.9030000E+04  0.1500000E+02
  0.9031000E+04  0.1600000E+02
  0.9032000E+04  0.1500000E+02
  0.9033000E+04  0.1600000E+02
  0.9034000E+04  0.1400000E+02
  0.9035000E+04  0.1400000E+02
  0.9036000E+04  0.1300000E+02
  0.9037000E+04  0.1200000E+02
  0.9038000E+04  0.7000000E+01
  0.9039000E+04  0.1300000E+02
  0.9040000E+04  0.1100000E+02
  0.9041000E+04  0.6000000E+01
  0.9042000E+04  0.7000000E+01
  0.9043000E+04  0.1100000E+02
  0.9044000E+04  0.1000000E+02
  0.9045000E+04  0.1100000E+02
  0.9046000E+04  0.1400000E+02
  0.9047000E+04  0.1300000E+02
  0.9048000E+04  0.1200000E+02
  0.9049000E+04  0.1600000E+02
  0.9050000E+04  0.1600000E+02
  0.9051000E+04  0.1700000E+02
  0.9052000E+04  0.1500000E+02
  0.9053000E+04  0.1400000E+02
  0.9054000E+04  0.1400000E+02
  0.9055000E+04  0.1400000E+02
  0.9056000E+04  0.1500000E+02
  0.9057000E+04  0.1600000E+02
  0.9058000E+04  0.1000000E+02
  0.9059000E+04  0.1200000E+02
  0.9060000E+04  0.1300000E+02
  0.9061000E+04  0.1100000E+02
  0.9062000E+04  0.6000000E+01
  0.9063000E+04  0.1400000E+02
  0.9064000E+04  0.1300000E+02
  0.9065000E+04  0.1400000E+02
  0.9066000E+04  0.1400000E+02
  0.9067000E+04  0.1500000E+02
  0.9068000E+04  0.1600000E+02
  0.9069000E+04  0.1600000E+02
  0.9070000E+04  0.1400000E+02
  0.9071000E+04  0.1600000E+02
  0.9072000E+04  0.1500000E+02
  0.9073000E+04  0.1400000E+02
  0.9074000E+04  0.1500000E+02
  0.9075000E+04  0.1500000E+02
  0.9076000E+04  0.1500000E+02
  0.9077000E+04  0.1300000E+02
  0.9078000E+04  0.1300000E+02
  0.9079000E+04  0.1400000E+02
  0.9080000E+04  0.1500000E+02
  0.9081000E+04  0.1400000E+02
  0.9082000E+04  0.1700000E+02
  0.9083000E+04  0.1500000E+02
  0.9084000E+04  0.1400000E+02
  0.9085000E+04  0.1400000E+02
  0.9086000E+04  0.1400000E+02
  0.9087000E+04  0.1200000E+02
  0.9088000E+04  0.1000000E+02
  0.9089000E+04  0.1400000E+02
  0.9090000E+04  0.1100000E+02
  0.9091000E+04  0.7000000E+01
  0.9092000E+04  0.9000000E+01
  0.9093000E+04  0.9000000E+01
  0.9094000E+04  0.1100000E+02
  0.9095000E+04  0.1000000E+02
  0.9096000E+04  0.7000000E+01
  0.9097000E+04  0.7000000E+01
  0.9098000E+04  0.5000000E+01
  0.9099000E+04  0.1100000E+02
  0.9100000E+04  0.1000000E+02
  0.9101000E+04  0.6000000E+01
  0.9102000E+04  0.9000000E+01
  0.9103000E+04  0.1000000E+02
  0.9104000E+04  0.1300000E+02
  0.9105000E+04  0.1000000E+02
  0.9106000E+04  0.7000000E+01
  0.9107000E+04  0.1000000E+02
  0.9108000E+04  0.1200000E+02
  0.9109000E+04  0.1400000E+02
  0.9110000E+04  0.1100000E+02
  0.9111000E+04  0.1500000E+02
  0.9112000E+04  0.1400000E+02
  0.9113000E+04  0.1500000E+02
  0.9114000E+04  0.1000000E+02
  0.9115000E+04  0.9000000E+01
  0.9116000E+04  0.1500000E+02
  0.9117000E+04  0.1300000E+02
  0.9118000E+04  0.1300000E+02
  0.9119000E+04  0.1600000E+02
  0.9120000E+04  0.1100000E+02
  0.9121000E+04  0.1100000E+02
  0.9122000E+04  0.1400000E+02
  0.9123000E+04  0.9000000E+01
  0.9124000E+04  0.1000000E+02
  0.9125000E+04  0.6000000E+01
  0.9126000E+04  0.1000000E+02
  0.9127000E+04  0.1300000E+02
  0.9128000E+04  0.1300000E+02
  0.9129000E+04  0.1700000E+02
  0.9130000E+04  0.1300000E+02
  0.9131000E+04  0.1100000E+02
  0.9132000E+04  0.9000000E+01
  0.9133000E+04  0.1000000E+02
  0.9134000E+04  0.1500000E+02
  0.9135000E+04  0.1100000E+02
  0.9136000E+04  0.1400000E+02
  0.9137000E+04  0.1500000E+02
  0.9138000E+04  0.1200000E+02
  0.9139000E+04  0.1400000E+02
  0.9140000E+04  0.1400000E+02
  0.9141000E+04  0.8000000E+01
  0.9142000E+04  0.8000000E+01
  0.9143000E+04  0.1200000E+02
  0.9144000E+04  0.1400000E+02
  0.9145000E+04  0.1100000E+02
  0.9146000E+04  0.1300000E+02
  0.9147000E+04  0.1200000E+02
  0.9148000E+04  0.1000000E+02
  0.9149000E+04  0.1400000E+02
  0.9150000E+04  0.1700000E+02
  0.9151000E+04  0.1700000E+02
  0.9152000E+04  0.1100000E+02
  0.9153000E+04  0.8000000E+01
  0.9154000E+04  0.1000000E+02
  0.9155000E+04  0.1100000E+02
  0.9156000E+04  0.1400000E+02
  0.9157000E+04  0.1600000E+02
  0.9158000E+04  0.1700000E+02
  0.9159000E+04  0.1800000E+02
  0.9160000E+04  0.1800000E+02
  0.9161000E+04  0.1700000E+02
  0.9162000E+04  0.1700000E+02
  0.9163000E+04  0.1700000E+02
  0.9164000E+04  0.1100000E+02
  0.9165000E+04  0.1300000E+02
  0.9166000E+04  0.1300000E+02
  0.9167000E+04  0.1100000E+02
  0.9168000E+04  0.1500000E+02
  0.9169000E+04  0.1400000E+02
  0.9170000E+04  0.1400000E+02
  0.9171000E+04  0.1400000E+02
  0.9172000E+04  0.1300000E+02
  0.9173000E+04  0.1500000E+02
  0.9174000E+04  0.1100000E+02
  0.9175000E+04  0.9000000E+01
  0.9176000E+04  0.1400000E+02
  0.9177000E+04  0.1000000E+02
  0.9178000E+04  0.1300000E+02
  0.9179000E+04  0.1300000E+02
  0.9180000E+04  0.1500000E+02
  0.9181000E+04  0.1800000E+02
  0.9182000E+04  0.1900000E+02
  0.9183000E+04  0.1900000E+02
  0.9184000E+04  0.1900000E+02
  0.9185000E+04  0.1300000E+02
  0.9186000E+04  0.1000000E+02
  0.9187000E+04  0.1100000E+02
  0.9188000E+04  0.1200000E+02
  0.9189000E+04  0.1200000E+02
  0.9190000E+04  0.1600000E+02
  0.9191000E+04  0.1100000E+02
  0.9192000E+04  0.1400000E+02
  0.9193000E+04  0.1300000E+02
  0.9194000E+04  0.1300000E+02
  0.9195000E+04  0.1600000E+02
  0.9196000E+04  0.1100000E+02
  0.9197000E+04  0.1400000E+02
  0.9198000E+04  0.1200000E+02
  0.9199000E+04  0.1200000E+02
  0.9200000E+04  0.1200000E+02
  0.9201000E+04  0.1500000E+02
  0.9202000E+04  0.1700000E+02
  0.9203000E+04  0.1300000E+02
  0.9204000E+04  0.1600000E+02
  0.9205000E+04  0.1200000E+02
  0.9206000E+04  0.1100000E+02
  0.9207000E+04  0.1400000E+02
  0.9208000E+04  0.1600000E+02
  0.9209000E+04  0.1400000E+02
  0.9210000E+04  0.1200000E+02
  0.9211000E+04  0.1100000E+02
  0.9212000E+04  0.1200000E+02
  0.9213000E+04  0.9000000E+01
  0.9214000E+04  0.1100000E+02
  0.9215000E+04  0.1200000E+02
  0.9216000E+04  0.1200000E+02
  0.9217000E+04  0.1600000E+02
  0.9218000E+04  0.9000000E+01
  0.9219000E+04  0.1100000E+02
  0.9220000E+04  0.1300000E+02
  0.9221000E+04  0.1500000E+02
  0.9222000E+04  0.1100000E+02
  0.9223000E+04  0.1400000E+02
  0.9224000E+04  0.1300000E+02
  0.9225000E+04  0.1000000E+02
  0.9226000E+04  0.1300000E+02
  0.9227000E+04  0.1300000E+02
  0.9228000E+04  0.1400000E+02
  0.9229000E+04  0.1500000E+02
  0.9230000E+04  0.1400000E+02
  0.9231000E+04  0.1500000E+02
  0.9232000E+04  0.9000000E+01
  0.9233000E+04  0.1100000E+02
  0.9234000E+04  0.1200000E+02
  0.9235000E+04  0.1200000E+02
  0.9236000E+04  0.1100000E+02
  0.9237000E+04  0.1100000E+02
  0.9238000E+04  0.1200000E+02
  0.9239000E+04  0.1300000E+02
  0.9240000E+04  0.1300000E+02
  0.9241000E+04  0.1600000E+02
  0.9242000E+04  0.1700000E+02
  0.9243000E+04  0.1800000E+02
  0.9244000E+04  0.1800000E+02
  0.9245000E+04  0.1900000E+02
  0.9246000E+04  0.1900000E+02
  0.9247000E+04  0.1400000E+02
  0.9248000E+04  0.1500000E+02
  0.9249000E+04  0.1900000E+02
  0.9250000E+04  0.1500000E+02
  0.9251000E+04  0.1200000E+02
  0.9252000E+04  0.1100000E+02
  0.9253000E+04  0.6000000E+01
  0.9254000E+04  0.9000000E+01
  0.9255000E+04  0.1300000E+02
  0.9256000E+04  0.9000000E+01
  0.9257000E+04  0.1400000E+02
  0.9258000E+04  0.1500000E+02
  0.9259000E+04  0.1600000E+02
  0.9260000E+04  0.1700000E+02
  0.9261000E+04  0.1500000E+02
  0.9262000E+04  0.1500000E+02
  0.9263000E+04  0.1400000E+02
  0.9264000E+04  0.1300000E+02
  0.9265000E+04  0.1400000E+02
  0.9266000E+04  0.1000000E+02
  0.9267000E+04  0.1000000E+02
  0.9268000E+04  0.1000000E+02
  0.9269000E+04  0.1600000E+02
  0.9270000E+04  0.1700000E+02
  0.9271000E+04  0.9000000E+01
  0.9272000E+04  0.1500000E+02
  0.9273000E+04  0.1500000E+02
  0.9274000E+04  0.1200000E+02
  0.9275000E+04  0.1100000E+02
  0.9276000E+04  0.1000000E+02
  0.9277000E+04  0.1400000E+02
  0.9278000E+04  0.1400000E+02
  0.9279000E+04  0.1500000E+02
  0.9280000E+04  0.1300000E+02
  0.9281000E+04  0.1300000E+02
  0.9282000E+04  0.1500000E+02
  0.9283000E+04  0.1400000E+02
  0.9284000E+04  0.1300000E+02
  0.9285000E+04  0.1800000E+02
  0.9286000E+04  0.1800000E+02
  0.9287000E+04  0.1400000E+02
  0.9288000E+04  0.1400000E+02
  0.9289000E+04  0.1100000E+02
  0.9290000E+04  0.1400000E+02
  0.9291000E+04  0.1600000E+02
  0.9292000E+04  0.1200000E+02
  0.9293000E+04  0.1400000E+02
  0.9294000E+04  0.1400000E+02
  0.9295000E+04  0.1400000E+02
  0.9296000E+04  0.1500000E+02
  0.9297000E+04  0.1500000E+02
  0.9298000E+04  0.1500000E+02
  0.9299000E+04  0.1400000E+02
  0.9300000E+04  0.1300000E+02
  0.9301000E+04  0.6000000E+01
  0.9302000E+04  0.6000000E+01
  0.9303000E+04  0.1000000E+02
  0.9304000E+04  0.1400000E+02
  0.9305000E+04  0.1600000E+02
  0.9306000E+04  0.1600000E+02
  0.9307000E+04  0.1400000E+02
  0.9308000E+04  0.1300000E+02
  0.9309000E+04  0.1300000E+02
  0.9310000E+04  0.1300000E+02
  0.9311000E+04  0.1200000E+02
  0.9312000E+04  0.1400000E+02
  0.9313000E+04  0.1200000E+02
  0.9314000E+04  0.1300000E+02
  0.9315000E+04  0.1300000E+02
  0.9316000E+04  0.1300000E+02
  0.9317000E+04  0.1300000E+02
  0.9318000E+04  0.1400000E+02
  0.9319000E+04  0.1600000E+02
  0.9320000E+04  0.5000000E+01
  0.9321000E+04  0.1100000E+02
  0.9322000E+04  0.1200000E+02
  0.9323000E+04  0.1300000E+02
  0.9324000E+04  0.7000000E+01
  0.9325000E+04  0.1100000E+02
  0.9326000E+04  0.1400000E+02
  0.9327000E+04  0.1800000E+02
  0.9328000E+04  0.1200000E+02
  0.9329000E+04  0.9000000E+01
  0.9330000E+04  0.9000000E+01
  0.9331000E+04  0.1300000E+02
  0.9332000E+04  0.6000000E+01
  0.9333000E+04  0.8000000E+01
  0.9334000E+04  0.8000000E+01
  0.9335000E+04  0.1200000E+02
  0.9336000E+04  0.1400000E+02
  0.9337000E+04  0.1500000E+02
  0.9338000E+04  0.1300000E+02
  0.9339000E+04  0.1200000E+02
  0.9340000E+04  0.1100000E+02
  0.9341000E+04  0.1200000E+02
  0.9342000E+04  0.1400000E+02
  0.9343000E+04  0.1700000E+02
  0.9344000E+04  0.1500000E+02
  0.9345000E+04  0.1300000E+02
  0.9346000E+04  0.1300000E+02
  0.9347000E+04  0.1600000E+02
  0.9348000E+04  0.1500000E+02
  0.9349000E+04  0.1500000E+02
  0.9350000E+04  0.1500000E+02
  0.9351000E+04  0.1200000E+02
  0.9352000E+04  0.1100000E+02
  0.9353000E+04  0.1200000E+02
  0.9354000E+04  0.1600000E+02
  0.9355000E+04  0.1400000E+02
  0.9356000E+04  0.1700000E+02
  0.9357000E+04  0.1700000E+02
  0.9358000E+04  0.1700000E+02
  0.9359000E+04  0.1300000E+02
  0.9360000E+04  0.1200000E+02
  0.9361000E+04  0.9000000E+01
  0.9362000E+04  0.1000000E+02
  0.9363000E+04  0.1200000E+02
  0.9364000E+04  0.1000000E+02
  0.9365000E+04  0.1000000E+02
  0.9366000E+04  0.1300000E+02
  0.9367000E+04  0.1100000E+02
  0.9368000E+04  0.1300000E+02
  0.9369000E+04  0.1400000E+02
  0.9370000E+04  0.1700000E+02
  0.9371000E+04  0.1000000E+02
  0.9372000E+04  0.1400000E+02
  0.9373000E+04  0.1500000E+02
  0.9374000E+04  0.1400000E+02
  0.9375000E+04  0.1100000E+02
  0.9376000E+04  0.1400000E+02
  0.9377000E+04  0.1700000E+02
  0.9378000E+04  0.1200000E+02
  0.9379000E+04  0.1400000E+02
  0.9380000E+04  0.1200000E+02
  0.9381000E+04  0.1300000E+02
  0.9382000E+04  0.1200000E+02
  0.9383000E+04  0.1600000E+02
  0.9384000E+04  0.1700000E+02
  0.9385000E+04  0.1500000E+02
  0.9386000E+04  0.1000000E+02
  0.9387000E+04  0.1200000E+02
  0.9388000E+04  0.1400000E+02
  0.9389000E+04  0.1300000E+02
  0.9390000E+04  0.1100000E+02
  0.9391000E+04  0.7000000E+01
  0.9392000E+04  0.1000000E+02
  0.9393000E+04  0.1000000E+02
  0.9394000E+04  0.1300000E+02
  0.9395000E+04  0.1200000E+02
  0.9396000E+04  0.1300000E+02
  0.9397000E+04  0.1500000E+02
  0.9398000E+04  0.1200000E+02
  0.9399000E+04  0.1400000E+02
  0.9400000E+04  0.1300000E+02
  0.9401000E+04  0.1100000E+02
  0.9402000E+04  0.1600000E+02
  0.9403000E+04  0.1600000E+02
  0.9404000E+04  0.1500000E+02
  0.9405000E+04  0.1600000E+02
  0.9406000E+04  0.1700000E+02
  0.9407000E+04  0.1700000E+02
  0.9408000E+04  0.1400000E+02
  0.9409000E+04  0.1200000E+02
  0.9410000E+04  0.7000000E+01
  0.9411000E+04  0.1100000E+02
  0.9412000E+04  0.7000000E+01
  0.9413000E+04  0.1000000E+02
  0.9414000E+04  0.1400000E+02
  0.9415000E+04  0.1300000E+02
  0.9416000E+04  0.1600000E+02
  0.9417000E+04  0.1500000E+02
  0.9418000E+04  0.1400000E+02
  0.9419000E+04  0.9000000E+01
  0.9420000E+04  0.1000000E+02
  0.9421000E+04  0.1200000E+02
  0.9422000E+04  0.1600000E+02
  0.9423000E+04  0.1100000E+02
  0.9424000E+04  0.1200000E+02
  0.9425000E+04  0.1300000E+02
  0.9426000E+04  0.1400000E+02
  0.9427000E+04  0.1500000E+02
  0.9428000E+04  0.9000000E+01
  0.9429000E+04  0.1400000E+02
  0.9430000E+04  0.1200000E+02
  0.9431000E+04  0.1400000E+02
  0.9432000E+04  0.1600000E+02
  0.9433000E+04  0.1500000E+02
  0.9434000E+04  0.1500000E+02
  0.9435000E+04  0.1300000E+02
  0.9436000E+04  0.6000000E+01
  0.9437000E+04  0.9000000E+01
  0.9438000E+04  0.1400000E+02
  0.9439000E+04  0.1600000E+02
  0.9440000E+04  0.1600000E+02
  0.9441000E+04  0.1600000E+02
  0.9442000E+04  0.1300000E+02
  0.9443000E+04  0.1100000E+02
  0.9444000E+04  0.1400000E+02
  0.9445000E+04  0.1400000E+02
  0.9446000E+04  0.1600000E+02
  0.9447000E+04  0.1600000E+02
  0.9448000E+04  0.1200000E+02
  0.9449000E+04  0.1400000E+02
  0.9450000E+04  0.1700000E+02
  0.9451000E+04  0.1700000E+02
  0.9452000E+04  0.1800000E+02
  0.9453000E+04  0.1700000E+02
  0.9454000E+04  0.9000000E+01
  0.9455000E+04  0.1200000E+02
  0.9456000E+04  0.1100000E+02
  0.9457000E+04  0.1100000E+02
  0.9458000E+04  0.1200000E+02
  0.9459000E+04  0.1400000E+02
  0.9460000E+04  0.1000000E+02
  0.9461000E+04  0.1200000E+02
  0.9462000E+04  0.9000000E+01
  0.9463000E+04  0.1200000E+02
  0.9464000E+04  0.1000000E+02
  0.9465000E+04  0.1100000E+02
  0.9466000E+04  0.1300000E+02
  0.9467000E+04  0.1400000E+02
  0.9468000E+04  0.1600000E+02
  0.9469000E+04  0.1600000E+02
  0.9470000E+04  0.1400000E+02
  0.9471000E+04  0.1500000E+02
  0.9472000E+04  0.2000000E+02
  0.9473000E+04  0.2000000E+02
  0.9474000E+04  0.1700000E+02
  0.9475000E+04  0.1300000E+02
  0.9476000E+04  0.1300000E+02
  0.9477000E+04  0.1700000E+02
  0.9478000E+04  0.1600000E+02
  0.9479000E+04  0.1600000E+02
  0.9480000E+04  0.1300000E+02
  0.9481000E+04  0.1200000E+02
  0.9482000E+04  0.1400000E+02
  0.9483000E+04  0.1400000E+02
  0.9484000E+04  0.1100000E+02
  0.9485000E+04  0.1100000E+02
  0.9486000E+04  0.1200000E+02
  0.9487000E+04  0.1600000E+02
  0.9488000E+04  0.1300000E+02
  0.9489000E+04  0.1600000E+02
  0.9490000E+04  0.1800000E+02
  0.9491000E+04  0.1700000E+02
  0.9492000E+04  0.1500000E+02
  0.9493000E+04  0.1400000E+02
  0.9494000E+04  0.1700000E+02
  0.9495000E+04  0.1200000E+02
  0.9496000E+04  0.1100000E+02
  0.9497000E+04  0.1700000E+02
  0.9498000E+04  0.1500000E+02
  0.9499000E+04  0.1600000E+02
  0.9500000E+04  0.1600000E+02
  0.9501000E+04  0.1500000E+02
  0.9502000E+04  0.1500000E+02
  0.9503000E+04  0.1100000E+02
  0.9504000E+04  0.1000000E+02
  0.9505000E+04  0.1000000E+02
  0.9506000E+04  0.1200000E+02
  0.9507000E+04  0.1200000E+02
  0.9508000E+04  0.8000000E+01
  0.9509000E+04  0.5000000E+01
  0.9510000E+04  0.8000000E+01
  0.9511000E+04  0.1000000E+02
  0.9512000E+04  0.9000000E+01
  0.9513000E+04  0.9000000E+01
  0.9514000E+04  0.8000000E+01
  0.9515000E+04  0.8000000E+01
  0.9516000E+04  0.1000000E+02
  0.9517000E+04  0.1400000E+02
  0.9518000E+04  0.1500000E+02
  0.9519000E+04  0.9000000E+01
  0.9520000E+04  0.1400000E+02
  0.9521000E+04  0.1500000E+02
  0.9522000E+04  0.1500000E+02
  0.9523000E+04  0.1600000E+02
  0.9524000E+04  0.1600000E+02
  0.9525000E+04  0.1900000E+02
  0.9526000E+04  0.1400000E+02
  0.9527000E+04  0.1700000E+02
  0.9528000E+04  0.1600000E+02
  0.9529000E+04  0.1400000E+02
  0.9530000E+04  0.1600000E+02
  0.9531000E+04  0.1100000E+02
  0.9532000E+04  0.7000000E+01
  0.9533000E+04  0.1100000E+02
  0.9534000E+04  0.1500000E+02
  0.9535000E+04  0.1400000E+02
  0.9536000E+04  0.1200000E+02
  0.9537000E+04  0.1300000E+02
  0.9538000E+04  0.1100000E+02
  0.9539000E+04  0.1700000E+02
  0.9540000E+04  0.1800000E+02
  0.9541000E+04  0.1500000E+02
  0.9542000E+04  0.1100000E+02
  0.9543000E+04  0.1000000E+02
  0.9544000E+04  0.1200000E+02
  0.9545000E+04  0.1300000E+02
  0.9546000E+04  0.1500000E+02
  0.9547000E+04  0.1400000E+02
  0.9548000E+04  0.1500000E+02
  0.9549000E+04  0.1600000E+02
  0.9550000E+04  0.1400000E+02
  0.9551000E+04  0.9000000E+01
  0.9552000E+04  0.9000000E+01
  0.9553000E+04  0.9000000E+01
  0.9554000E+04  0.1200000E+02
  0.9555000E+04  0.1600000E+02
  0.9556000E+04  0.1500000E+02
  0.9557000E+04  0.1300000E+02
  0.9558000E+04  0.1500000E+02
  0.9559000E+04  0.1100000E+02
  0.9560000E+04  0.1200000E+02
  0.9561000E+04  0.1400000E+02
  0.9562000E+04  0.1300000E+02
  0.9563000E+04  0.1400000E+02
  0.9564000E+04  0.1500000E+02
  0.9565000E+04  0.9000000E+01
  0.9566000E+04  0.1300000E+02
  0.9567000E+04  0.1200000E+02
  0.9568000E+04  0.1300000E+02
  0.9569000E+04  0.7000000E+01
  0.9570000E+04  0.7000000E+01
  0.9571000E+04  0.1000000E+02
  0.9572000E+04  0.1200000E+02
  0.9573000E+04  0.1700000E+02
  0.9574000E+04  0.1600000E+02
  0.9575000E+04  0.1400000E+02
  0.9576000E+04  0.1500000E+02
  0.9577000E+04  0.1200000E+02
  0.9578000E+04  0.1400000E+02
  0.9579000E+04  0.1200000E+02
  0.9580000E+04  0.1400000E+02
  0.9581000E+04  0.1700000E+02
  0.9582000E+04  0.1100000E+02
  0.9583000E+04  0.1700000E+02
  0.9584000E+04  0.1900000E+02
  0.9585000E+04  0.1400000E+02
  0.9586000E+04  0.1700000E+02
  0.9587000E+04  0.1700000E+02
  0.9588000E+04  0.2000000E+02
  0.9589000E+04  0.1800000E+02
  0.9590000E+04  0.1800000E+02
  0.9591000E+04  0.1800000E+02
  0.9592000E+04  0.1700000E+02
  0.9593000E+04  0.2000000E+02
  0.9594000E+04  0.1600000E+02
  0.9595000E+04  0.1800000E+02
  0.9596000E+04  0.1200000E+02
  0.9597000E+04  0.1400000E+02
  0.9598000E+04  0.1300000E+02
  0.9599000E+04  0.1200000E+02
  0.9600000E+04  0.1000000E+02
  0.9601000E+04  0.1300000E+02
  0.9602000E+04  0.1100000E+02
  0.9603000E+04  0.1300000E+02
  0.9604000E+04  0.1200000E+02
  0.9605000E+04  0.1400000E+02
  0.9606000E+04  0.1500000E+02
  0.9607000E+04  0.1400000E+02
  0.9608000E+04  0.1500000E+02
  0.9609000E+04  0.1200000E+02
  0.9610000E+04  0.1200000E+02
  0.9611000E+04  0.1200000E+02
  0.9612000E+04  0.1600000E+02
  0.9613000E+04  0.1300000E+02
  0.9614000E+04  0.1500000E+02
  0.9615000E+04  0.1400000E+02
  0.9616000E+04  0.1300000E+02
  0.9617000E+04  0.1200000E+02
  0.9618000E+04  0.1700000E+02
  0.9619000E+04  0.1700000E+02
  0.9620000E+04  0.1700000E+02
  0.9621000E+04  0.1700000E+02
  0.9622000E+04  0.1200000E+02
  0.9623000E+04  0.1200000E+02
  0.9624000E+04  0.1700000E+02
  0.9625000E+04  0.1700000E+02
  0.9626000E+04  0.1700000E+02
  0.9627000E+04  0.1300000E+02
  0.9628000E+04  0.1000000E+02
  0.9629000E+04  0.5000000E+01
  0.9630000E+04  0.1200000E+02
  0.9631000E+04  0.1200000E+02
  0.9632000E+04  0.1200000E+02
  0.9633000E+04  0.1300000E+02
  0.9634000E+04  0.1400000E+02
  0.9635000E+04  0.1500000E+02
  0.9636000E+04  0.1600000E+02
  0.9637000E+04  0.1300000E+02
  0.9638000E+04  0.1000000E+02
  0.9639000E+04  0.1500000E+02
  0.9640000E+04  0.1500000E+02
  0.9641000E+04  0.1300000E+02
  0.9642000E+04  0.1300000E+02
  0.9643000E+04  0.8000000E+01
  0.9644000E+04  0.1500000E+02
  0.9645000E+04  0.1400000E+02
  0.9646000E+04  0.1500000E+02
  0.9647000E+04  0.1600000E+02
  0.9648000E+04  0.1200000E+02
  0.9649000E+04  0.1700000E+02
  0.9650000E+04  0.1400000E+02
  0.9651000E+04  0.1200000E+02
  0.9652000E+04  0.9000000E+01
  0.9653000E+04  0.1200000E+02
  0.9654000E+04  0.1600000E+02
  0.9655000E+04  0.1500000E+02
  0.9656000E+04  0.1300000E+02
  0.9657000E+04  0.9000000E+01
  0.9658000E+04  0.1300000E+02
  0.9659000E+04  0.1400000E+02
  0.9660000E+04  0.1500000E+02
  0.9661000E+04  0.1400000E+02
  0.9662000E+04  0.1100000E+02
  0.9663000E+04  0.1200000E+02
  0.9664000E+04  0.1800000E+02
  0.9665000E+04  0.1700000E+02
  0.9666000E+04  0.1700000E+02
  0.9667000E+04  0.1500000E+02
  0.9668000E+04  0.1400000E+02
  0.9669000E+04  0.1200000E+02
  0.9670000E+04  0.1200000E+02
  0.9671000E+04  0.1400000E+02
  0.9672000E+04  0.1300000E+02
  0.9673000E+04  0.1800000E+02
  0.9674000E+04  0.1500000E+02
  0.9675000E+04  0.1300000E+02
  0.9676000E+04  0.1600000E+02
  0.9677000E+04  0.1900000E+02
  0.9678000E+04  0.1900000E+02
  0.9679000E+04  0.1500000E+02
  0.9680000E+04  0.1100000E+02
  0.9681000E+04  0.1000000E+02
  0.9682000E+04  0.1100000E+02
  0.9683000E+04  0.1400000E+02
  0.9684000E+04  0.1800000E+02
  0.9685000E+04  0.1900000E+02
  0.9686000E+04  0.1400000E+02
  0.9687000E+04  0.1000000E+02
  0.9688000E+04  0.1200000E+02
  0.9689000E+04  0.1000000E+02
  0.9690000E+04  0.1500000E+02
  0.9691000E+04  0.1400000E+02
  0.9692000E+04  0.1300000E+02
  0.9693000E+04  0.1500000E+02
  0.9694000E+04  0.1600000E+02
  0.9695000E+04  0.1600000E+02
  0.9696000E+04  0.1900000E+02
  0.9697000E+04  0.1600000E+02
  0.9698000E+04  0.1500000E+02
  0.9699000E+04  0.9000000E+01
  0.9700000E+04  0.1100000E+02
  0.9701000E+04  0.1300000E+02
  0.9702000E+04  0.1500000E+02
  0.9703000E+04  0.1500000E+02
  0.9704000E+04  0.1300000E+02
  0.9705000E+04  0.1500000E+02
  0.9706000E+04  0.1200000E+02
  0.9707000E+04  0.1100000E+02
  0.9708000E+04  0.1100000E+02
  0.9709000E+04  0.1300000E+02
  0.9710000E+04  0.1600000E+02
  0.9711000E+04  0.1700000E+02
  0.9712000E+04  0.1700000E+02
  0.9713000E+04  0.1900000E+02
  0.9714000E+04  0.1500000E+02
  0.9715000E+04  0.1500000E+02
  0.9716000E+04  0.1000000E+02
  0.9717000E+04  0.1100000E+02
  0.9718000E+04  0.1200000E+02
  0.9719000E+04  0.1400000E+02
  0.9720000E+04  0.1600000E+02
  0.9721000E+04  0.1100000E+02
  0.9722000E+04  0.9000000E+01
  0.9723000E+04  0.1100000E+02
  0.9724000E+04  0.1300000E+02
  0.9725000E+04  0.1400000E+02
  0.9726000E+04  0.1500000E+02
  0.9727000E+04  0.1400000E+02
  0.9728000E+04  0.1500000E+02
  0.9729000E+04  0.1300000E+02
  0.9730000E+04  0.7000000E+01
  0.9731000E+04  0.1100000E+02
  0.9732000E+04  0.1100000E+02
  0.9733000E+04  0.1400000E+02
  0.9734000E+04  0.1600000E+02
  0.9735000E+04  0.1100000E+02
  0.9736000E+04  0.7000000E+01
  0.9737000E+04  0.1200000E+02
  0.9738000E+04  0.7000000E+01
  0.9739000E+04  0.7000000E+01
  0.9740000E+04  0.9000000E+01
  0.9741000E+04  0.1000000E+02
  0.9742000E+04  0.1000000E+02
  0.9743000E+04  0.8000000E+01
  0.9744000E+04  0.1000000E+02
  0.9745000E+04  0.9000000E+01
  0.9746000E+04  0.1100000E+02
  0.9747000E+04  0.1100000E+02
  0.9748000E+04  0.1300000E+02
  0.9749000E+04  0.1500000E+02
  0.9750000E+04  0.1600000E+02
  0.9751000E+04  0.1400000E+02
  0.9752000E+04  0.1000000E+02
  0.9753000E+04  0.3000000E+01
  0.9754000E+04  0.3000000E+01
  0.9755000E+04  0.1000000E+02
  0.9756000E+04  0.1200000E+02
  0.9757000E+04  0.1300000E+02
  0.9758000E+04  0.1100000E+02
  0.9759000E+04  0.8000000E+01
  0.9760000E+04  0.1300000E+02
  0.9761000E+04  0.1400000E+02
  0.9762000E+04  0.1800000E+02
  0.9763000E+04  0.1400000E+02
  0.9764000E+04  0.1600000E+02
  0.9765000E+04  0.1500000E+02
  0.9766000E+04  0.7000000E+01
  0.9767000E+04  0.8000000E+01
  0.9768000E+04  0.1100000E+02
  0.9769000E+04  0.1200000E+02
  0.9770000E+04  0.1500000E+02
  0.9771000E+04  0.1300000E+02
  0.9772000E+04  0.1600000E+02
  0.9773000E+04  0.1200000E+02
  0.9774000E+04  0.1400000E+02
  0.9775000E+04  0.1100000E+02
  0.9776000E+04  0.1300000E+02
  0.9777000E+04  0.1100000E+02
  0.9778000E+04  0.1000000E+02
  0.9779000E+04  0.1500000E+02
  0.9780000E+04  0.1200000E+02
  0.9781000E+04  0.1300000E+02
  0.9782000E+04  0.1300000E+02
  0.9783000E+04  0.1000000E+02
  0.9784000E+04  0.1200000E+02
  0.9785000E+04  0.1200000E+02
  0.9786000E+04  0.1300000E+02
  0.9787000E+04  0.1200000E+02
  0.9788000E+04  0.1300000E+02
  0.9789000E+04  0.1000000E+02
  0.9790000E+04  0.1300000E+02
  0.9791000E+04  0.1400000E+02
  0.9792000E+04  0.1400000E+02
  0.9793000E+04  0.1600000E+02
  0.9794000E+04  0.1400000E+02
  0.9795000E+04  0.1100000E+02
  0.9796000E+04  0.1200000E+02
  0.9797000E+04  0.1300000E+02
  0.9798000E+04  0.1500000E+02
  0.9799000E+04  0.1100000E+02
  0.9800000E+04  0.1400000E+02
  0.9801000E+04  0.1600000E+02
  0.9802000E+04  0.1700000E+02
  0.9803000E+04  0.1800000E+02
  0.9804000E+04  0.1600000E+02
  0.9805000E+04  0.1700000E+02
  0.9806000E+04  0.1500000E+02
  0.9807000E+04  0.1300000E+02
  0.9808000E+04  0.1300000E+02
  0.9809000E+04  0.1100000E+02
  0.9810000E+04  0.1200000E+02
  0.9811000E+04  0.1100000E+02
  0.9812000E+04  0.1100000E+02
  0.9813000E+04  0.1000000E+02
  0.9814000E+04  0.1000000E+02
  0.9815000E+04  0.1200000E+02
  0.9816000E+04  0.1200000E+02
  0.9817000E+04  0.1600000E+02
  0.9818000E+04  0.1600000E+02
  0.9819000E+04  0.1600000E+02
  0.9820000E+04  0.1200000E+02
  0.9821000E+04  0.1400000E+02
  0.9822000E+04  0.1300000E+02
  0.9823000E+04  0.1100000E+02
  0.9824000E+04  0.1100000E+02
  0.9825000E+04  0.9000000E+01
  0.9826000E+04  0.1100000E+02
  0.9827000E+04  0.9000000E+01
  0.9828000E+04  0.7000000E+01
  0.9829000E+04  0.8000000E+01
  0.9830000E+04  0.1000000E+02
  0.9831000E+04  0.1000000E+02
  0.9832000E+04  0.8000000E+01
  0.9833000E+04  0.1100000E+02
  0.9834000E+04  0.1200000E+02
  0.9835000E+04  0.1500000E+02
  0.9836000E+04  0.1600000E+02
  0.9837000E+04  0.1500000E+02
  0.9838000E+04  0.1300000E+02
  0.9839000E+04  0.1600000E+02
  0.9840000E+04  0.1700000E+02
  0.9841000E+04  0.1400000E+02
  0.9842000E+04  0.1700000E+02
  0.9843000E+04  0.1600000E+02
  0.9844000E+04  0.1700000E+02
  0.9845000E+04  0.1700000E+02
  0.9846000E+04  0.1100000E+02
  0.9847000E+04  0.1500000E+02
  0.9848000E+04  0.1400000E+02
  0.9849000E+04  0.1100000E+02
  0.9850000E+04  0.6000000E+01
  0.9851000E+04  0.8000000E+01
  0.9852000E+04  0.1400000E+02
  0.9853000E+04  0.1200000E+02
  0.9854000E+04  0.1300000E+02
  0.9855000E+04  0.1700000E+02
  0.9856000E+04  0.1500000E+02
  0.9857000E+04  0.1600000E+02
  0.9858000E+04  0.1500000E+02
  0.9859000E+04  0.1000000E+02
  0.9860000E+04  0.4000000E+01
  0.9861000E+04  0.9000000E+01
  0.9862000E+04  0.1200000E+02
  0.9863000E+04  0.1300000E+02
  0.9864000E+04  0.1500000E+02
  0.9865000E+04  0.1600000E+02
  0.9866000E+04  0.1300000E+02
  0.9867000E+04  0.1600000E+02
  0.9868000E+04  0.1700000E+02
  0.9869000E+04  0.1300000E+02
  0.9870000E+04  0.1500000E+02
  0.9871000E+04  0.1700000E+02
  0.9872000E+04  0.1500000E+02
  0.9873000E+04  0.1600000E+02
  0.9874000E+04  0.1900000E+02
  0.9875000E+04  0.1500000E+02
  0.9876000E+04  0.9000000E+01
  0.9877000E+04  0.7000000E+01
  0.9878000E+04  0.7000000E+01
  0.9879000E+04  0.1200000E+02
  0.9880000E+04  0.1500000E+02
  0.9881000E+04  0.1300000E+02
  0.9882000E+04  0.1100000E+02
  0.9883000E+04  0.1000000E+02
  0.9884000E+04  0.1100000E+02
  0.9885000E+04  0.1300000E+02
  0.9886000E+04  0.1100000E+02
  0.9887000E+04  0.1400000E+02
  0.9888000E+04  0.1300000E+02
  0.9889000E+04  0.1000000E+02
  0.9890000E+04  0.1400000E+02
  0.9891000E+04  0.1400000E+02
  0.9892000E+04  0.1300000E+02
  0.9893000E+04  0.1100000E+02
  0.9894000E+04  0.5000000E+01
  0.9895000E+04  0.6000000E+01
  0.9896000E+04  0.1100000E+02
  0.9897000E+04  0.1100000E+02
  0.9898000E+04  0.8000000E+01
  0.9899000E+04  0.9000000E+01
  0.9900000E+04  0.1100000E+02
  0.9901000E+04  0.1100000E+02
  0.9902000E+04  0.1200000E+02
  0.9903000E+04  0.1300000E+02
  0.9904000E+04  0.1400000E+02
  0.9905000E+04  0.1700000E+02
  0.9906000E+04  0.1800000E+02
  0.9907000E+04  0.1800000E+02
  0.9908000E+04  0.1500000E+02
  0.9909000E+04  0.1300000E+02
  0.9910000E+04  0.1800000E+02
  0.9911000E+04  0.1300000E+02
  0.9912000E+04  0.1500000E+02
  0.9913000E+04  0.1300000E+02
  0.9914000E+04  0.1300000E+02
  0.9915000E+04  0.1100000E+02
  0.9916000E+04  0.1000000E+02
  0.9917000E+04  0.9000000E+01
  0.9918000E+04  0.1100000E+02
  0.9919000E+04  0.1200000E+02
  0.9920000E+04  0.1000000E+02
  0.9921000E+04  0.8000000E+01
  0.9922000E+04  0.1000000E+02
  0.9923000E+04  0.1600000E+02
  0.9924000E+04  0.1400000E+02
  0.9925000E+04  0.1600000E+02
  0.9926000E+04  0.1000000E+02
  0.9927000E+04  0.1300000E+02
  0.9928000E+04  0.1500000E+02
  0.9929000E+04  0.8000000E+01
  0.9930000E+04  0.8000000E+01
  0.9931000E+04  0.1200000E+02
  0.9932000E+04  0.9000000E+01
  0.9933000E+04  0.1200000E+02
  0.9934000E+04  0.1300000E+02
  0.9935000E+04  0.1500000E+02
  0.9936000E+04  0.1400000E+02
  0.9937000E+04  0.1400000E+02
  0.9938000E+04  0.1200000E+02
  0.9939000E+04  0.1600000E+02
  0.9940000E+04  0.1600000E+02
  0.9941000E+04  0.1600000E+02
  0.9942000E+04  0.1500000E+02
  0.9943000E+04  0.1400000E+02
  0.9944000E+04  0.1100000E+02
  0.9945000E+04  0.1400000E+02
  0.9946000E+04  0.1400000E+02
  0.9947000E+04  0.1500000E+02
  0.9948000E+04  0.1400000E+02
  0.9949000E+04  0.1400000E+02
  0.9950000E+04  0.1200000E+02
  0.9951000E+04  0.1400000E+02
  0.9952000E+04  0.1300000E+02
  0.9953000E+04  0.8000000E+01
  0.9954000E+04  0.1400000E+02
  0.9955000E+04  0.1500000E+02
  0.9956000E+04  0.6000000E+01
  0.9957000E+04  0.1100000E+02
  0.9958000E+04  0.1500000E+02
  0.9959000E+04  0.1400000E+02
  0.9960000E+04  0.1200000E+02
  0.9961000E+04  0.1500000E+02
  0.9962000E+04  0.1700000E+02
  0.9963000E+04  0.1500000E+02
  0.9964000E+04  0.1600000E+02
  0.9965000E+04  0.1200000E+02
  0.9966000E+04  0.1100000E+02
  0.9967000E+04  0.1400000E+02
  0.9968000E+04  0.1300000E+02
  0.9969000E+04  0.1400000E+02
  0.9970000E+04  0.1600000E+02
  0.9971000E+04  0.1400000E+02
  0.9972000E+04  0.1500000E+02
  0.9973000E+04  0.1300000E+02
  0.9974000E+04  0.1300000E+02
  0.9975000E+04  0.1000000E+02
  0.9976000E+04  0.9000000E+01
  0.9977000E+04  0.9000000E+01
  0.9978000E+04  0.1300000E+02
  0.9979000E+04  0.1600000E+02
  0.9980000E+04  0.8000000E+01
  0.9981000E+04  0.1000000E+02
  0.9982000E+04  0.8000000E+01
  0.9983000E+04  0.1200000E+02
  0.9984000E+04  0.1400000E+02
  0.9985000E+04  0.1600000E+02
  0.9986000E+04  0.1200000E+02
  0.9987000E+04  0.1200000E+02
  0.9988000E+04  0.9000000E+01
  0.9989000E+04  0.9000000E+01
  0.9990000E+04  0.1200000E+02
  0.9991000E+04  0.1200000E+02
  0.9992000E+04  0.1200000E+02
  0.9993000E+04  0.1000000E+02
  0.9994000E+04  0.1000000E+02
  0.9995000E+04  0.1200000E+02
  0.9996000E+04  0.1500000E+02
  0.9997000E+04  0.1500000E+02
  0.9998000E+04  0.1400000E+02
  0.9999000E+04  0.1400000E+02
  0.1000000E+05  0.1500000E+02
